Tm,W,WHIP,SO9,PAY,SB,BA,OBP,SLG,YEAR,WS,CAT
ATL,90,1.284,8.8,130.6,90,.257,.324,.417,2018,NO,TOP5
BAL,47,1.496,7.6,127.6,81,.239,.298,.391,2018,NO,BOT5
BOS,108,1.246,9.6,227.2,125,.268,.339,.453,2018,YES,TOP5
KCR,58,1.460,7.3,129.9,117,.245,.305,.392,2018,NO,BOT5
LAD,92,1.152,9.5,199.6,75,.250,.333,.442,2018,NO,TOP5
MIA,63,1.382,7.8,91.8,45,.237,.303,.357,2018,NO,BOT5
NYY,100,1.239,10.1,180.1,63,.249,.329,.451,2018,NO,TOP5
PIT,82,1.309,8.4,91.0,70,.254,.317,.407,2018,NO,BOT5
STL,88,1.338,8.3,163.8,63,.249,.321,.409,2018,NO,TOP5
TBR,90,1.199,8.8,68.8,128,.258,.333,.406,2018,NO,BOT5
LgAvg,81,1.304,8.5,139.3,82,.248,.318,.409,2018,NO,MED
ATL,72,1.420,7.9,105.2,77,.263,.326,.412,2017,NO,TOP5
BAL,75,1.446,7.7,175.3,32,.260,.312,.435,2017,NO,BOT5
BOS,93,1.247,9.6,209.9,106,.258,.329,.407,2017,NO,TOP5
KCR,80,1.390,7.6,148.2,91,.259,.311,.420,2017,NO,BOT5
LAD,104,1.155,9.6,259.1,77,.249,.334,.437,2017,NO,TOP5
MIA,77,1.440,7.5,110.8,91,.267,.331,.431,2017,NO,BOT5
NYY,91,1.209,9.7,209.7,90,.262,.339,.447,2017,NO,TOP5
PIT,75,1.371,7.9,98.2,67,.244,.318,.386,2017,NO,BOT5
STL,83,1.300,8.4,145.3,81,.256,.334,.426,2017,NO,TOP5
TBR,80,1.264,8.4,76.3,88,.245,.317,.422,2017,NO,BOT5
LgAvg,81,1.342,8.3,141.1,84,.255,.324,.426,2017,NO,MED
ATL,68,1.355,7.6,96.1,75,.255,.321,.384,2016,NO,TOP5
BAL,89,1.364,7.8,150.3,19,.256,.317,.443,2016,NO,BOT5
BOS,93,1.273,8.5,207.8,83,.282,.348,.461,2016,NO,TOP5
KCR,81,1.354,8.0,141.6,121,.261,.312,.400,2016,NO,BOT5
LAD,91,1.191,9.4,268.7,45,.249,.319,.409,2016,NO,TOP5
MIA,79,1.361,8.6,77.7,71,.263,.322,.394,2016,NO,BOT5
NYY,84,1.262,8.8,220.7,72,.252,.315,.405,2016,NO,TOP5
PIT,78,1.395,7.6,99.5,110,.257,.332,.402,2016,NO,BOT5
STL,86,1.317,8.0,149.4,35,.255,.325,.442,2016,NO,TOP5
TBR,68,1.322,8.6,63.9,60,.243,.307,.426,2016,NO,BOT5
LgAvg,81,1.325,8.1,134.2,85,.255,.322,.417,2016,NO,MED
ATL,67,1.412,7.2,110.8,69,.251,.314,.359,2015,NO,TOP5
BAL,81,1.317,7.7,117.8,44,.250,.307,.421,2015,NO,BOT5
BOS,78,1.356,7.6,183.5,71,.265,.325,.415,2015,NO,TOP5
KCR,95,1.282,7.2,126.5,104,.269,.322,.412,2015,YES,BOT5
LAD,92,1.184,8.7,301.7,59,.250,.326,.413,2015,NO,TOP5
MIA,71,1.319,7.3,63.6,112,.260,.310,.384,2015,NO,BOT5
NYY,87,1.297,8.5,222.5,63,.251,.323,.421,2015,NO,TOP5
PIT,98,1.239,8.1,99.4,98,.260,.323,.396,2015,NO,BOT5
STL,100,1.254,8.2,132.2,69,.253,.321,.394,2015,NO,TOP5
TBR,80,1.232,8.4,73.6,87,.252,.314,.406,2015,NO,BOT5
LgAvg,81,1.294,7.8,128.9,84,.254,.317,.405,2015,NO,MED
ATL,79,1.265,8.0,116.9,95,.241,.305,.360,2014,NO,TOP5
BAL,96,1.241,7.2,113.6,44,.256,.311,.422,2014,NO,BOT5
BOS,71,1.324,7.4,170.1,63,.244,.316,.369,2014,NO,TOP5
KCR,89,1.259,7.2,98.6,153,.263,.314,.376,2014,NO,BOT5
LAD,94,1.206,8.4,246.4,138,.265,.333,.406,2014,NO,TOP5
MIA,77,1.330,7.3,50.7,58,.253,.317,.378,2014,NO,BOT5
NYY,84,1.232,8.5,214.9,112,.245,.307,.380,2014,NO,TOP5
PIT,88,1.263,7.6,77.0,104,.259,.330,.404,2014,NO,BOT5
STL,90,1.236,7.6,121.2,57,.253,.320,.369,2014,NO,TOP5
TBR,77,1.212,8.8,76.8,63,.247,.317,.367,2014,NO,BOT5
LgAvg,81,1.275,7.7,120.3,92,.251,.314,.386,2014,NO,MED
ATL,96,1.196,7.6,94.9,64,.249,.321,.402,2013,NO,TOP5
BAL,85,1.315,7.2,100.4,79,.260,.313,.431,2013,NO,BOT5
BOS,97,1.300,8.0,170.7,123,.277,.349,.446,2013,YES,TOP5
KCR,86,1.267,7.5,84.4,153,.260,.315,.379,2013,NO,BOT5
LAD,92,1.228,8.0,239.9,78,.264,.326,.396,2013,NO,TOP5
MIA,62,1.303,7.3,36.0,78,.231,.293,.335,2013,NO,BOT5
NYY,85,1.305,7.7,239.3,115,.242,.307,.376,2013,NO,TOP5
PIT,94,1.233,7.7,71.5,94,.245,.313,.396,2013,NO,BOT5
STL,97,1.245,7.7,120.5,45,.269,.332,.401,2013,NO,TOP5
TBR,92,1.227,8.1,74.6,73,.257,.329,.408,2013,NO,BOT5
LgAvg,81,1.300,7.6,110.9,90,.253,.318,.396,2013,NO,MED
ATL,94,1.227,7.7,97.9,101,.247,.320,.389,2012,NO,TOP5
BAL,93,1.291,7.1,83.7,58,.247,.311,.417,2012,NO,BOT5
BOS,69,1.371,7.3,175.3,97,.260,.315,.415,2012,NO,TOP5
KCR,72,1.410,7.3,70.3,132,.265,.317,.400,2012,NO,BOT5
LAD,86,1.253,7.9,120.8,104,.252,.317,.374,2012,NO,TOP5
MIA,69,1.349,7.0,98.4,149,.244,.308,.382,2012,NO,BOT5
NYY,95,1.268,8.2,228.5,93,.265,.337,.453,2012,NO,TOP5
PIT,79,1.289,7.5,61.8,73,.243,.304,.395,2012,NO,BOT5
STL,88,1.269,7.5,120.5,91,.271,.338,.421,2012,NO,TOP5
TBR,90,1.166,8.5,70.2,134,.240,.317,.394,2012,NO,BOT5
LgAvg,81,1.309,7.6,104.3,108,.255,.319,.405,2012,NO,MED
ATL,89,1.252,8.1,99.8,77,.243,.308,.387,2011,NO,TOP5
BAL,69,1.454,6.5,94.4,81,.257,.316,.413,2011,NO,BOT5
BOS,90,1.308,7.5,172.6,102,.280,.349,.461,2011,NO,TOP5
MIA,72,1.304,7.5,65.3,95,.247,.318,.388,2011,NO,BOT5
KCR,71,1.408,6.7,40.7,153,.275,.329,.415,2011,NO,BOT5
LAD,82,1.253,8.0,118.7,126,.257,.322,.375,2011,NO,TOP5
NYY,97,1.323,7.5,213.6,147,.263,.343,.444,2011,NO,TOP5
PIT,72,1.413,6.4,48.6,108,.244,.309,.368,2011,NO,BOT5
STL,90,1.306,6.8,116.9,57,.273,.341,.425,2011,YES,TOP5
TBR,91,1.219,7.1,46.1,155,.244,.322,.402,2011,NO,BOT5
LgAvg,81,1.316,7.1,101.3,109,.255,.321,.399,2011,NO,MED
ATL,91,1.272,7.8,84.4,63,.258,.339,.401,2010,NO,TOP5
BAL,66,1.412,6.3,81.6,76,.259,.316,.386,2010,NO,BOT5
BOS,89,1.361,7.5,149.4,68,.268,.339,.451,2010,NO,TOP5
MIA,80,1.378,7.3,57.0,92,.254,.321,.403,2010,NO,BOT5
KCR,67,1.465,6.5,69.6,115,.274,.331,.399,2010,NO,BOT5
LAD,80,1.292,8.0,89.6,92,.252,.322,.379,2010,NO,TOP5
NYY,95,1.310,7.2,173.3,103,.267,.350,.436,2010,NO,TOP5
PIT,57,1.491,6.5,34.9,87,.242,.304,.373,2010,NO,BOT5
STL,86,1.299,6.8,88.8,79,.263,.332,.402,2010,NO,TOP5
TBR,96,1.255,7.4,71.9,172,.247,.333,.403,2010,NO,BOT5
LgAvg,81,1.347,7.1,88.1,99,.257,.325,.403,2010,NO,MED
ATL,86,1.319,7.6,96.7,58,.263,.339,.405,2009,NO,TOP5
BAL,64,1.525,5.9,67.1,76,.268,.332,.415,2009,NO,BOT5
BOS,95,1.409,7.7,108.7,126,.270,.352,.454,2009,NO,TOP5
MIA,87,1.401,7.8,36.8,75,.268,.340,.416,2009,NO,BOT5
KCR,65,1.463,7.3,70.5,88,.259,.318,.405,2009,NO,BOT5
LAD,95,1.255,7.8,97.3,116,.270,.346,.412,2009,NO,TOP5
NYY,103,1.352,7.8,168.4,111,.283,.362,.478,2009,YES,TOP5
PIT,62,1.448,5.8,48.7,90,.252,.318,.387,2009,NO,BOT5
STL,91,1.296,6.6,84.8,75,.263,.332,.415,2009,NO,TOP5
TBR,84,1.356,7.1,63.3,194,.263,.343,.439,2009,NO,BOT5
LgAvg,81,1.390,7.0,80.1,99,.262,.333,.418,2009,NO,MED
ATL,72,1.406,6.7,102.4,58,.270,.345,.408,2008,NO,TOP5
BAL,68,1.565,5.8,67.2,81,.267,.333,.429,2008,NO,BOT5
BOS,95,1.325,7.4,120.4,120,.280,.358,.447,2008,NO,TOP5
MIA,84,1.398,7.1,19.8,76,.254,.326,.433,2008,NO,BOT5
KCR,75,1.375,6.8,58.2,79,.269,.320,.397,2008,NO,BOT5
LAD,84,1.286,7.5,118.2,126,.264,.333,.399,2008,NO,TOP5
NYY,89,1.364,7.1,181.0,118,.271,.342,.427,2008,NO,TOP5
PIT,67,1.573,6.0,48.7,57,.258,.320,.403,2008,NO,BOT5
STL,86,1.384,5.9,97.8,73,.281,.350,.433,2008,NO,TOP5
TBR,97,1.286,7.1,43.8,142,.260,.340,.422,2008,NO,BOT5
LgAvg,81,1.391,6.8,78.8,93,.264,.333,.416,2008,NO,MED
ATL,84,1.359,6.8,89.3,64,.275,.339,.435,2007,NO,TOP5
BAL,69,1.520,6.8,93.6,144,.272,.333,.412,2007,NO,BOT5
BOS,96,1.273,7.2,129.8,96,.279,.362,.444,2007,YES,TOP5
MIA,71,1.578,7.1,30.5,105,.267,.336,.448,2007,NO,BOT5
KCR,69,1.438,6.2,66.7,78,.261,.322,.388,2007,NO,BOT5
LAD,82,1.352,7.3,108.1,137,.275,.337,.406,2007,NO,TOP5
NYY,94,1.431,6.3,166.9,123,.290,.366,.463,2007,NO,TOP5
PIT,68,1.482,6.2,38.5,68,.263,.325,.411,2007,NO,BOT5
STL,78,1.409,5.9,89.8,56,.274,.337,.405,2007,NO,TOP5
TBR,66,1.551,7.5,24.1,131,.268,.336,.433,2007,NO,BOT5
LgAvg,81,1.406,6.7,81.9,97,.268,.336,.423,2007,NO,MED
ATL,79,1.458,6.6,90.2,52,.270,.337,.455,2006,NO,TOP5
BAL,70,1.545,6.4,72.6,121,.277,.339,.424,2006,NO,BOT5
BOS,86,1.442,6.7,113.6,51,.269,.351,.435,2006,NO,TOP5
MIA,78,1.456,6.8,15.0,110,.264,.331,.435,2006,NO,BOT5
KCR,62,1.602,5.7,47.3,65,.271,.332,.411,2006,NO,BOT5
LAD,88,1.381,6.6,98.5,128,.276,.348,.432,2006,NO,TOP5
NYY,97,1.357,6.4,173.0,139,.285,.363,.461,2006,NO,TOP5
PIT,67,1.509,6.6,46.7,68,.263,.327,.397,2006,NO,BOT5
STL,83,1.384,6.1,88.5,59,.269,.337,.431,2006,YES,TOP5
TBR,61,1.553,6.2,35.4,134,.255,.314,.420,2006,NO,BOT5
LgAvg,81,1.408,6.6,71.9,92,.269,.337,.432,2006,NO,MED
ATL,90,1.390,5.8,86.5,92,.265,.333,.435,2005,NO,TOP5
BAL,74,1.428,6.6,73.9,83,.269,.327,.434,2005,NO,BOT5
BOS,95,1.393,6.0,118.3,45,.281,.357,.454,2005,NO,TOP5
MIA,83,1.402,7.0,60.4,96,.272,.339,.409,2005,NO,BOT5
KCR,56,1.571,5.9,36.9,53,.263,.320,.396,2005,NO,BOT5
LAD,71,1.335,6.3,83.0,58,.253,.326,.395,2005,NO,TOP5
NYY,95,1.369,6.2,182.3,84,.276,.355,.450,2005,NO,TOP5
PIT,67,1.440,6.0,38.1,73,.259,.322,.400,2005,NO,BOT5
STL,100,1.274,6.1,91.8,83,.270,.339,.423,2005,NO,TOP5
TBR,67,1.537,6.0,29.7,151,.274,.329,.425,2005,NO,BOT5
LgAvg,81,1.369,6.4,73.9,86,.264,.330,.419,2005,NO,MED
ATL,96,1.378,6.4,90.2,86,.270,.343,.434,2004,NO,TOP5
BAL,78,1.495,6.7,51.6,101,.281,.345,.432,2004,NO,BOT5
BOS,98,1.293,7.0,122.7,68,.282,.360,.472,2004,YES,TOP5
MIA,83,1.326,7.0,42.1,96,.264,.329,.406,2004,NO,BOT5
KCR,58,1.518,5.6,47.6,67,.259,.322,.397,2004,NO,BOT5
LAD,93,1.312,6.6,92.9,102,.262,.332,.423,2004,NO,TOP5
NYY,101,1.369,6.6,162.2,84,.268,.353,.458,2004,NO,TOP5
PIT,72,1.419,6.8,32.2,63,.260,.321,.401,2004,NO,BOT5
STL,105,1.251,6.4,83.2,111,.278,.344,.460,2004,NO,TOP5
TBR,70,1.439,5.9,29.6,132,.258,.320,.405,2004,NO,BOT5
LgAvg,81,1.400,6.6,65.5,86,.266,.335,.428,2004,NO,MED
ATL,101,1.360,6.1,106.2,68,.284,.349,.475,2003,NO,TOP5
BAL,71,1.452,6.1,73.9,89,.268,.323,.405,2003,NO,BOT5
BOS,95,1.359,7.0,98.7,88,.289,.360,.491,2003,NO,TOP5
MIA,91,1.346,7.0,48.8,150,.266,.333,.421,2003,YES,BOT5
KCR,83,1.484,5.4,40.5,120,.274,.336,.427,2003,NO,BOT5
LAD,85,1.221,8.0,105.9,80,.243,.303,.368,2003,NO,TOP5
NYY,101,1.291,6.9,152.7,98,.271,.356,.453,2003,NO,TOP5
PIT,75,1.405,5.8,54.8,86,.267,.338,.420,2003,NO,BOT5
STL,85,1.402,6.0,83.8,82,.279,.350,.454,2003,NO,TOP5
TBR,63,1.457,5.5,19.6,142,.265,.320,.404,2003,NO,BOT5
LgAvg,81,1.383,6.4,70.8,86,.264,.333,.422,2003,NO,MED
ATL,101,1.265,6.5,93.5,76,.260,.331,.409,2002,NO,TOP5
BAL,67,1.406,6.0,60.5,110,.246,.309,.403,2002,NO,BOT5
BOS,93,1.223,7.2,108.4,80,.277,.345,.444,2002,NO,TOP5
MIA,79,1.428,6.8,42.0,177,.261,.337,.403,2002,NO,BOT5
KCR,62,1.498,5.7,47.3,140,.256,.323,.398,2002,NO,BOT5
LAD,92,1.280,7.0,94.9,96,.264,.320,.409,2002,NO,TOP5
NYY,103,1.270,7.0,125.9,100,.275,.354,.455,2002,NO,TOP5
PIT,72,1.429,5.9,42.3,86,.244,.319,.381,2002,NO,BOT5
STL,97,1.315,6.3,74.7,86,.268,.338,.425,2002,NO,TOP5
TBR,55,1.518,5.8,34.4,102,.253,.314,.390,2002,NO,BOT5
LgAvg,81,1.376,6.5,61.7,92,.261,.331,.417,2002,NO,MED
ATL,88,1.287,7.0,91.9,85,.260,.324,.412,2001,NO,TOP5
BAL,63,1.419,5.9,74.3,133,.248,.319,.380,2001,NO,BOT5
BOS,82,1.351,7.8,109.7,46,.266,.334,.439,2001,NO,TOP5
MIA,76,1.401,7.0,35.6,89,.264,.326,.423,2001,NO,BOT5
KCR,65,1.467,5.7,35.4,100,.266,.318,.409,2001,NO,BOT5
LAD,86,1.317,7.5,109.1,89,.255,.323,.425,2001,NO,TOP5
NYY,95,1.305,7.9,112.3,161,.267,.334,.435,2001,NO,TOP5
PIT,62,1.442,5.8,57.8,93,.247,.313,.393,2001,NO,BOT5
STL,93,1.334,6.8,78.3,91,.270,.339,.441,2001,NO,TOP5
TBR,62,1.462,6.5,57.0,115,.258,.320,.388,2001,NO,BOT5
LgAvg,81,1.379,6.7,64.5,103,.264,.332,.427,2001,NO,MED
ATL,95,1.327,6.8,82.7,148,.271,.346,.429,2000,NO,TOP5
BAL,74,1.543,6.4,83.1,126,.272,.341,.435,2000,NO,BOT5
BOS,85,1.329,6.9,81.2,43,.267,.341,.423,2000,NO,TOP5
MIA,79,1.488,6.6,19.9,168,.262,.331,.409,2000,NO,BOT5
KCR,77,1.583,5.8,23.1,121,.288,.348,.425,2000,NO,BOT5
LAD,86,1.370,7.2,90.4,95,.257,.341,.431,2000,NO,TOP5
NYY,87,1.429,6.6,92.9,99,.277,.354,.450,2000,YES,TOP5
PIT,69,1.563,6.6,26.6,86,.267,.339,.424,2000,NO,BOT5
STL,95,1.401,6.9,63.1,87,.270,.356,.455,2000,NO,TOP5
TBR,69,1.457,6.0,64.4,90,.257,.329,.399,2000,NO,BOT5
LgAvg,81,1.468,6.5,59.2,97,.270,.345,.437,2000,NO,MED
ATL,103,1.295,7.3,75.1,148,.266,.341,.436,1999,NO,TOP5
BAL,78,1.474,6.2,70.8,107,.279,.353,.447,1999,NO,BOT5
BOS,94,1.298,7.1,71.7,67,.278,.350,.448,1999,NO,TOP5
MIA,64,1.543,5.9,15.1,92,.263,.325,.395,1999,NO,BOT5
KCR,64,1.584,5.3,16.5,127,.282,.348,.433,1999,NO,BOT5
LAD,77,1.398,6.7,70.9,167,.266,.339,.420,1999,NO,TOP5
NYY,98,1.377,6.9,88.1,104,.282,.366,.453,1999,YES,TOP5
PIT,78,1.449,6.8,24.2,112,.259,.334,.419,1999,NO,BOT5
STL,75,1.512,6.4,46.2,134,.262,.338,.426,1999,NO,TOP5
TBR,69,1.606,6.6,37.8,73,.274,.343,.411,1999,NO,BOT5
LgAvg,81,1.463,6.5,46.2,114,.271,.345,.434,1999,NO,MED
